xp_metrics:
{
	max_level: 20
	max_level_demo: 10

	# XP required to level
	levels:	
	[
		[ 2  250  ]
		[ 3  600  ]
		[ 4  900  ]
		[ 5  1200 ]
		[ 6  2000 ]
		[ 7  2200 ]
		[ 8  2900 ]
		[ 9  3700 ]
		[ 10 4600 ]		
		[ 11 5400 ]		
		[ 12 6500 ]		
		[ 13 7600 ]		
		[ 14 8800 ]		
		[ 15 10100 ]		
		[ 16 11400 ]		
		[ 17 12900 ]		
		[ 18 14400 ]		
		[ 19 16000 ]		
		[ 20 17600 ]		
		[ 21 19200 ]		
		[ 22 20800 ]		
		[ 23 22400 ]		
		[ 24 24000 ]		
		[ 25 25600 ]		
		[ 26 27200 ]		
		[ 27 28800 ]		
		[ 28 30400 ]		
		[ 29 32000 ]		
		[ 30 33600 ]		
	]
	
	# XP gained from kill at levels
	kills:
	[
		[ 1 24 ]
		[ 2 25 ]
		[ 3 28 ]
		[ 4 32 ]
		[ 5 38 ]
		[ 6 45 ]
		[ 7 52 ]
		[ 8 58 ]
		[ 9 64 ]
		[ 10 70 ]
		[ 11 75 ]
		[ 12 80 ]
		[ 13 85 ]
		[ 14 90 ]
		[ 15 95 ]
		[ 16 100 ]
		[ 17 105 ]
		[ 18 110 ]
		[ 19 115 ]
		[ 20 120 ]
		[ 21 125 ]
		[ 22 130 ]
		[ 23 135 ]
		[ 24 145 ]
		[ 25 150 ]
		[ 26 155 ]
		[ 27 160 ]
		[ 28 165 ]
		[ 29 170 ]
		[ 30 175 ]
	]

	# XP gained from quest completion at levels
	quests:
	[
		[ 1  100 ]
		[ 2  120 ]
		[ 3  135 ]
		[ 4  160 ]
		[ 5  220 ]
		[ 6  312 ]
		[ 7  364 ]
		[ 8  464 ]
		[ 9  512 ]
		[ 10 630 ]
		[ 11 675 ]
		[ 12 720 ]
		[ 13 765 ]
		[ 14 900 ]
		[ 15 950 ]
		[ 16 1000 ]
		[ 17 1155 ]
		[ 18 1210 ]
		[ 19 1265 ]
		[ 20 1320 ]
		[ 21 1370 ]
		[ 22 1420 ]
		[ 23 1470 ]
		[ 24 1520 ]
		[ 25 1570 ]
		[ 26 1620 ]
		[ 27 1670 ]
		[ 28 1720 ]
		[ 29 1770 ]
		[ 30 1820 ]
	]

	# Percentage XP adjustment for level differences (with colors)
	adjustments: 
	[		
		[ -6 0   [ 128 128 128 ] ]
		[ -5 20  [ 0   160 0   ] ]
		[ -4 35  [ 0   160 0   ] ]
		[ -3 45  [ 0   160 0   ] ]
		[ -2 60  [ 255 255 0   ] ]
		[ -1 80  [ 255 255 0   ] ]
		[  0 100 [ 255 255 0   ] ]
		[ +1 100 [ 255 255 0   ] ]
		[ +2 110 [ 255 255 0   ] ]
		[ +3 120 [ 255 255 0   ] ]
		[ +4 125 [ 255 128 0   ] ]
		[ +5 130 [ 255 128 0   ] ]
		[ +6 130 [ 255 128 0   ] ]
		[ +7 130 [ 255 0   0   ] ]
	]
	
	# Elite bonus percentages
	elite_kill_adjustment: 300
	elite_quest_adjustment: 200
}

